{
 "cells": [
  {
   "cell_type": "markdown",
   "metadata": {},
   "source": [
    "# Basic Hill Climbing Algorithm\n",
    "\n",
    "Solves the Symmetric TSP using a basic Hill Climbing algorithm"
   ]
  },
  {
   "cell_type": "code",
   "execution_count": 1,
   "metadata": {},
   "outputs": [],
   "source": [
    "# import Pkg\n",
    "#Pkg.add(\"DataFrames\")\n",
    "#Pkg.add(\"CSV\")\n",
    "#Pkg.add(\"Distances\")"
   ]
  },
  {
   "cell_type": "code",
   "execution_count": 29,
   "metadata": {},
   "outputs": [],
   "source": [
    "using DataFrames\n",
    "using CSV\n",
    "using Distances\n",
    "using LinearAlgebra\n",
    "using Random"
   ]
  },
  {
   "cell_type": "code",
   "execution_count": 36,
   "metadata": {},
   "outputs": [],
   "source": [
    "st70 = CSV.read(\"data/st70.csv\");"
   ]
  },
  {
   "cell_type": "code",
   "execution_count": 37,
   "metadata": {},
   "outputs": [
    {
     "data": {
      "text/html": [
       "<table class=\"data-frame\"><thead><tr><th></th><th>city</th><th>x</th><th>y</th></tr><tr><th></th><th>Int64</th><th>Int64</th><th>Int64</th></tr></thead><tbody><p>10 rows × 3 columns</p><tr><th>1</th><td>1</td><td>64</td><td>96</td></tr><tr><th>2</th><td>2</td><td>80</td><td>39</td></tr><tr><th>3</th><td>3</td><td>69</td><td>23</td></tr><tr><th>4</th><td>4</td><td>72</td><td>42</td></tr><tr><th>5</th><td>5</td><td>48</td><td>67</td></tr><tr><th>6</th><td>6</td><td>58</td><td>43</td></tr><tr><th>7</th><td>7</td><td>81</td><td>34</td></tr><tr><th>8</th><td>8</td><td>79</td><td>17</td></tr><tr><th>9</th><td>9</td><td>30</td><td>23</td></tr><tr><th>10</th><td>10</td><td>42</td><td>67</td></tr></tbody></table>"
      ],
      "text/latex": [
       "\\begin{tabular}{r|ccc}\n",
       "\t& city & x & y\\\\\n",
       "\t\\hline\n",
       "\t& Int64 & Int64 & Int64\\\\\n",
       "\t\\hline\n",
       "\t1 & 1 & 64 & 96 \\\\\n",
       "\t2 & 2 & 80 & 39 \\\\\n",
       "\t3 & 3 & 69 & 23 \\\\\n",
       "\t4 & 4 & 72 & 42 \\\\\n",
       "\t5 & 5 & 48 & 67 \\\\\n",
       "\t6 & 6 & 58 & 43 \\\\\n",
       "\t7 & 7 & 81 & 34 \\\\\n",
       "\t8 & 8 & 79 & 17 \\\\\n",
       "\t9 & 9 & 30 & 23 \\\\\n",
       "\t10 & 10 & 42 & 67 \\\\\n",
       "\\end{tabular}\n"
      ],
      "text/plain": [
       "10×3 DataFrame\n",
       "│ Row │ city  │ x     │ y     │\n",
       "│     │ \u001b[90mInt64\u001b[39m │ \u001b[90mInt64\u001b[39m │ \u001b[90mInt64\u001b[39m │\n",
       "├─────┼───────┼───────┼───────┤\n",
       "│ 1   │ 1     │ 64    │ 96    │\n",
       "│ 2   │ 2     │ 80    │ 39    │\n",
       "│ 3   │ 3     │ 69    │ 23    │\n",
       "│ 4   │ 4     │ 72    │ 42    │\n",
       "│ 5   │ 5     │ 48    │ 67    │\n",
       "│ 6   │ 6     │ 58    │ 43    │\n",
       "│ 7   │ 7     │ 81    │ 34    │\n",
       "│ 8   │ 8     │ 79    │ 17    │\n",
       "│ 9   │ 9     │ 30    │ 23    │\n",
       "│ 10  │ 10    │ 42    │ 67    │"
      ]
     },
     "execution_count": 37,
     "metadata": {},
     "output_type": "execute_result"
    }
   ],
   "source": [
    "head(st70, 10)"
   ]
  },
  {
   "cell_type": "code",
   "execution_count": 38,
   "metadata": {},
   "outputs": [
    {
     "data": {
      "text/plain": [
       "euclidean (generic function with 1 method)"
      ]
     },
     "execution_count": 38,
     "metadata": {},
     "output_type": "execute_result"
    }
   ],
   "source": [
    "euclidean(city1, city2) = norm(city1 - city2)"
   ]
  },
  {
   "cell_type": "code",
   "execution_count": 37,
   "metadata": {},
   "outputs": [
    {
     "data": {
      "text/plain": [
       "euclidean_distance_matrix"
      ]
     },
     "execution_count": 37,
     "metadata": {},
     "output_type": "execute_result"
    }
   ],
   "source": [
    "\"\"\"\n",
    "    euclidean_distance_matrix(cities)\n",
    "\n",
    "Compute a matrix of euclidean distances between\n",
    "city x, y coordinate pairs\n",
    "\n",
    "# Examples\n",
    "```julia-repl \n",
    "julia> using Random;\n",
    "\n",
    "julia> coords = rand(1:50, 5, 2)\n",
    "5×2 Array{Int64,2}:\n",
    " 16  42\n",
    " 10  15\n",
    " 44  36\n",
    " 32  42\n",
    " 28  39\n",
    "\n",
    "julia> euclidean_distance_matrix(coords)\n",
    "5×5 Array{Float64,2}:\n",
    "  0.0     27.6586  28.6356  16.0     12.3693\n",
    " 27.6586   0.0     39.9625  34.8281  30.0\n",
    " 28.6356  39.9625   0.0     13.4164  16.2788\n",
    " 16.0     34.8281  13.4164   0.0      5.0\n",
    " 12.3693  30.0     16.2788   5.0      0.0\n",
    "```\n",
    "\"\"\"\n",
    "function euclidean_distance_matrix(cities)\n",
    "    nrows = size(cities)[1]\n",
    "    matrix = zeros(nrows, nrows)\n",
    "    \n",
    "    row = 1\n",
    "    \n",
    "    for city1 in 1:nrows\n",
    "        col = 1\n",
    "        for city2 in 1:nrows\n",
    "            matrix[row, col] = norm(cities[city1, 1:2]-cities[city2, 1:2])\n",
    "            col+=1\n",
    "        end\n",
    "        row +=1\n",
    "    end\n",
    "        \n",
    "    return matrix\n",
    "end"
   ]
  },
  {
   "cell_type": "code",
   "execution_count": 11,
   "metadata": {},
   "outputs": [
    {
     "data": {
      "text/plain": [
       "trim_cities (generic function with 1 method)"
      ]
     },
     "execution_count": 11,
     "metadata": {},
     "output_type": "execute_result"
    }
   ],
   "source": [
    "trim_cities(df, ncities) = Array(df[2:end])[1:ncities, :]"
   ]
  },
  {
   "cell_type": "code",
   "execution_count": 14,
   "metadata": {},
   "outputs": [],
   "source": [
    "small = trim_cities(st70, 8);"
   ]
  },
  {
   "cell_type": "code",
   "execution_count": 38,
   "metadata": {},
   "outputs": [
    {
     "data": {
      "text/plain": [
       "8×8 Array{Float64,2}:\n",
       "  0.0     59.203    73.171   54.5894  33.121   53.3385  64.2884   80.4114\n",
       " 59.203    0.0      19.4165   8.544   42.5206  22.3607   5.09902  22.0227\n",
       " 73.171   19.4165    0.0     19.2354  48.7545  22.8254  16.2788   11.6619\n",
       " 54.5894   8.544    19.2354   0.0     34.6554  14.0357  12.0416   25.9615\n",
       " 33.121   42.5206   48.7545  34.6554   0.0     26.0     46.669    58.8303\n",
       " 53.3385  22.3607   22.8254  14.0357  26.0      0.0     24.6982   33.4215\n",
       " 64.2884   5.09902  16.2788  12.0416  46.669   24.6982   0.0      17.1172\n",
       " 80.4114  22.0227   11.6619  25.9615  58.8303  33.4215  17.1172    0.0"
      ]
     },
     "execution_count": 38,
     "metadata": {},
     "output_type": "execute_result"
    }
   ],
   "source": [
    "matrix = euclidean_distance_matrix(small)"
   ]
  }
 ],
 "metadata": {
  "kernelspec": {
   "display_name": "Julia 1.5.0",
   "language": "julia",
   "name": "julia-1.5"
  },
  "language_info": {
   "file_extension": ".jl",
   "mimetype": "application/julia",
   "name": "julia",
   "version": "1.5.0"
  }
 },
 "nbformat": 4,
 "nbformat_minor": 4
}
